Test_Set_With:0.45357176024398743
Test_Set_Without:0.45357176024398743
Valid_Set_With:0.46961447419442448
Valid_Set_Without:0.46961326424482935