Test_Set_With:0.48983094597562954
Test_Set_Without:0.4905254530808902
Valid_Set_With:0.5026817589137328
Valid_Set_Without:0.5027274470919167